15 2
797 2
1058 2
1971 1
2004 1
2036 1
2069 1
2101 2
2493 2
2754 2
3145 2
3667 2
3797 1
3928 1
4058 1
4188 1
4254 2
4319 1
4384 2
4449 1
4580 2
4645 1
4775 2
4841 1
4906 2
5036 1
5101 1
5167 2
5232 2
5275 2
5319 2
5362 2
5493 2
5536 2
5580 2
5623 2
5754 2
5797 2
5841 2
5884 2
6014 2
6080 2
6145 2
6210 2
6275 2
6341 2
6406 2
6471 2
6536 2
6602 2
6667 2
6732 2
6797 2
6884 2
6971 2
7058 2
7145 2
7232 2
7319 2
7406 2
7493 2
7580 2
7667 2
7754 2
8362 1
8558 2
8623 2
8754 1
8884 1
8949 2
9014 1
9080 1
9145 2
9275 2
9341 2
9406 1
9536 2
9601 2
9667 1
9797 1
10058 2
10188 1
10254 1
10319 1
10384 1
10449 1
10580 2
10645 2
10710 2
10841 1
10971 1
11101 2
11232 1
11297 1
11362 2
11623 2
11754 1
11884 1
12014 1
12145 1
12275 2
12406 1
12536 1
12667 2
12797 2
12928 2
12993 2
13058 1
13188 2
13384 2
13449 1
13514 1
13580 1
13710 2
13775 2
13841 1
13971 1
14036 1
14101 2
14232 2
14362 2
14493 2
14623 2
14754 2
14884 1
15014 2
15145 2
15276 2
15406 1
15536 2
15797 1
15928 2
16188 1
16449 2
16710 1
16775 1
16841 2
16971 2
17101 1
17167 2
17297 1
17362 2
17493 1
17623 2
17688 2
17754 2
17884 1
18014 2
18145 1
18275 2
18406 2
18536 1
18601 2
18732 1
18797 2
18862 1
18993 1
19123 1
19188 2
19254 2
19319 1
19406 2
19493 2
19580 2
19667 2
19754 2
19841 2
19971 2
20036 2
20101 1
20232 2
20362 2
20428 2
20493 1
20623 2
20754 2
20884 1
21014 2
21145 2
21275 1
21341 2
21406 2
21471 1
21601 1
21667 2
21732 2
21862 2
21928 1
22058 2
22188 2
22319 1
22449 1
22580 2
22710 1
22775 2
22841 2
22906 2
22971 1
23101 1
23167 2
23232 1
23362 2
23493 2
23623 1
23754 2
23841 2
23928 2
24014 1
24536 1
25056 2
25227 1
25313 2
25398 1
25570 2
25741 2
25827 1
25998 2
26084 1
26256 1
26341 2
26427 2
26598 1
26684 2
26769 1
26941 2
27112 2
27198 1
27369 2
27455 1
27627 1
27712 2
27798 2
27964 1
28048 2
28131 1
28298 2
28464 2
28548 1
28714 2
28798 1
28964 1
29048 2
29131 2
29297 1
29381 2
29464 1
29631 2
29797 2
29881 1
30047 2
30131 1
30214 2
30297 2
30381 2
30464 2
30627 1
30708 2
30789 1
30951 2
31113 2
31194 1
31356 2
31437 1
31600 1
31681 2
31762 2
31924 1
32005 2
32086 1
32248 2
32410 2
32491 1
32653 2
32734 1
32897 1
32978 2
33059 2
33217 1
33296 2
33375 1
33533 2
33691 2
33770 1
33928 2
34007 1
34165 1
34244 2
34323 2
34481 1
34560 2
34638 1
34796 2
34954 2
35033 1
35191 1
35270 2
35349 1
35428 2
35507 2
35586 2
35739 1
35816 2
35893 1
36047 2
36201 2
36278 1
36432 2
36509 1
36662 1
36739 2
36816 2
36967 1
37042 2
37117 1
37267 2
37417 2
37492 1
37642 2
37717 1
37867 1
37942 2
38017 2
38163 1
38236 2
38309 1
38456 2
38602 2
38675 1
38821 2
38895 1
39041 1
39114 2
39187 2
39329 1
39401 2
39472 1
39615 2
39758 2
39829 1
39972 2
40044 1
40115 2
40187 2
40258 2
40329 2
40467 1
40537 2
40606 1
40745 2
40884 2
41023 1
41093 2
41162 1
41301 2
41440 2
41573 1
41640 2
41706 1
41839 2
41971 2
42100 1
42165 2
42230 1
42360 2
42490 2
42617 1
42680 1
42744 2
42871 1
42934 1
42998 2
43123 1
43185 1
43248 2
43373 1
43435 1
43498 2
43620 1
43681 1
43742 2
43865 1
43926 1
43987 2
44108 1
44168 1
44228 2
44348 1
44408 1
44468 2
44585 1
44644 1
44703 2
44820 1
44879 1
44939 2
45054 1
45112 1
45169 2
45285 1
45342 1
45400 2
45513 1
45569 1
45626 2
45739 1
45796 1
45853 2
46075 2
46297 2
46463 2
46519 1
46630 2
46741 1
46797 1
46852 2
46963 1
47074 2
47185 2
47297 1
47352 2
47408 1
47519 2
47685 2
47852 2
47963 2
48000 2
48037 2
48074 2
48185 1
48241 2
48297 1
48408 2
48519 2
48574 1
48685 2
48741 1
48797 1
48852 2
48908 2
48963 2
49074 1
49130 2
49185 1
49241 1
49297 2
49408 2
49463 1
49574 1
49630 2
49685 2
49741 2
49797 2
49852 2
49963 1
50019 2
50074 1
50185 2
50296 2
50352 1
50463 2
50519 1
50593 2
50667 2
50741 2
50852 1
50908 2
50963 1
51074 2
51185 2
51296 1
51352 2
51407 1
51518 2
51630 2
51741 1
51797 2
51852 1
51963 2
52074 2
52130 2
52185 2
52241 2
52296 2
52352 2
52408 2
52463 2
52519 1
53075 1
53186 2
53297 2
53409 2
53742 1
53964 2
54297 2
54520 2
54742 1
54853 1
54964 2
55075 2
55297 2
55520 2
55742 2
55853 2
55964 1
56075 2
56186 2
56297 2
56353 2
56408 2
56445 1
56482 1
56520 2
56557 1
56594 1
56631 2
56668 2
56714 2
56769 1
56853 2
56881 2
56908 2
56964 1
57038 2
57112 2
57158 1
57186 2
57214 2
57269 2
57408 1
57519 2
57575 2
57631 1
57715 1
57797 1
57880 1
57963 1
58046 1
58269 1
58492 1
58741 2
58941 1
59041 2
59241 2
59341 1
59541 2
59741 1
59941 2
60141 1
60341 2
60541 1
60641 2
60841 2
60941 1
61141 2
61341 2
61541 2
61741 1
61941 2
62141 1
62241 2
62441 2
62541 1
62741 2
62941 1
63141 2
63341 1
63541 2
63741 1
63841 2
64041 2
64141 1
64341 1
64541 2
64741 1
64941 2
65141 2
65328 1
65422 2
65609 2
65703 1
65891 2
66072 1
66254 2
66436 1
66618 2
66794 1
66882 2
67059 2
67147 1
67324 2
67495 2
67666 2
67838 1
68009 2
68175 1
68259 2
68425 2
68509 1
68676 2
68838 1
69000 2
69162 1
69325 2
69482 1
69561 2
69719 2
69798 1
69956 1
70109 2
70263 1
70417 2
70572 2
70714 1
70786 2
70929 2
71000 1
71143 2
71279 1
71415 2
71552 1
71689 2
71819 1
71884 2
72015 2
72080 1
72210 2
72335 2
72460 2
72585 1
72710 2
72830 1
72890 2
73010 2
73070 1
73190 2
73305 1
73420 2
73536 1
73652 2
73763 1
73818 2
73929 2
73985 1
74096 1
74203 2
74310 1
74417 2
74525 2
74628 1
74680 2
74783 2
74835 1
74939 2
75039 1
75139 2
75239 1
75339 2
75435 1
75484 2
75580 2
75629 1
75726 2
75819 2
75913 2
76007 1
76101 2
76191 1
76237 2
76328 2
76373 1
76464 2
76552 1
76640 2
76728 1
76817 2
76902 1
76945 2
77031 2
77074 1
77160 1
77243 2
77326 1
77410 2
77493 2
77574 1
77614 2
77695 2
77736 1
77818 2
77894 1
77971 2
78048 1
78125 2
78196 1
78232 2
78303 2
78339 1
78411 2
78479 2
78547 2
78615 1
78684 2
78749 1
78781 2
78847 2
78879 1
78944 2
79010 1
79075 2
79140 1
79206 2
79266 1
79296 2
79356 2
79386 1
79446 1
79503 2
79561 1
79619 2
79676 2
79731 1
79759 2
79814 2
79842 1
79899 2
79952 1
80006 2
80059 1
80113 2
80164 1
80190 2
80242 2
80268 1
80320 2
80370 2
80420 2
80470 1
80520 2
80568 1
80592 2
80640 2
80665 1
80713 2
80761 1
80810 2
80858 1
80907 2
80953 1
80977 2
81024 2
81047 1
81094 1
81141 2
81188 1
81235 2
81282 2
81329 1
85397 2
85500 1
85552 2
85603 1
85707 2
85810 1
85862 2
85914 1
86017 2
86121 1
86172 1
86224 2
86327 1
86379 2
86430 1
86534 2
86637 1
86689 2
86741 1
86844 2
86948 1
86999 1
87052 2
87155 1
87207 2
87258 1
87362 2
87465 1
87517 2
87569 1
87672 2
87776 1
87827 1
87879 2
87982 1
88034 2
88085 1
88189 2
88292 1
88344 2
88396 1
88499 2
88603 1
88654 1
88707 2
88810 1
88862 2
88913 1
89017 2
89120 1
89172 2
89224 1
89327 2
89431 1
89482 1
89534 2
89637 1
89689 2
89740 1
89844 2
89947 1
89999 2
90051 1
90154 2
90258 1
90309 1
90362 2
90465 1
90517 2
90569 1
90672 2
90776 2
90879 1
90931 2
90983 1
91086 2
91190 2
91293 1
91345 2
91397 2
91448 1
91500 2
91552 2
91603 1
91707 2
91810 2
91914 2
92017 1
92120 2
92223 1
92327 2
92430 1
92534 1
92637 2
92845 1
93052 2
93120 2
93189 1
93259 2
93327 2
93396 2
93465 1
93672 1
93776 1
93879 2
94086 1
94190 2
94397 2
94448 2
94500 1
94707 2
94914 2
95121 1
95328 1
95465 1
95534 2
95672 2
95741 2
95879 1
95948 2
96086 2
96155 2
96293 2
96362 1
96500 1
96569 1
96707 1
96776 2
96914 2
96983 2
97052 2
97121 1
97190 1
97259 1
97328 2
97397 1
97465 2
97534 1
97603 1
97672 1
97741 2
97810 2
97879 1
97948 2
98017 2
98086 1
98155 2
98224 1
98293 2
98362 2
98431 1
98500 2
98569 2
99052 2
99465 1
100500 1
100655 1