1262 2 
1743 2 
2384 1 
2705 2 
3187 1 
3507 2 
3828 1 
4310 1 
4951 2 
5272 1 
5753 2 
6074 1 
6395 2 
6876 2 
7518 1 
7839 2 
8320 1 
8641 2 
8962 1 
9443 1 
10085 2 
10406 1 
10887 2 
11208 1 
11529 2 
11850 2 
12171 1 
12251 1 
12331 1 
12491 2 
12812 1 
13133 1 
13454 2 
13534 2 
13614 2 
13775 1 
14096 2 
14417 2 
14737 1 
14818 1 
14898 1 
15058 2 
15379 1 
15700 1 
16021 2 
16101 2 
16181 2 
16342 1 
16663 2 
16983 2 
17144 2 
17304 1 
17384 1 
17465 1 
17625 2 
17946 1 
18267 1 
18427 1 
18588 2 
18668 2 
18748 2 
18909 1 
19229 2 
19550 2 
19711 2 
19871 1 
19951 1 
20032 1 
20192 2 
20352 2 
20513 1 
22759 2 
23080 1 
23401 2 
23721 1 
23882 1 
24042 2 
24203 1 
24524 1 
24684 2 
24844 1 
25005 2 
25085 2 
25165 2 
25326 1 
25647 2 
25967 1 
26288 2 
26449 2 
26609 1 
26770 2 
26930 1 
27010 1 
27090 1 
27251 2 
27411 2 
27491 2 
27572 2 
27893 2 
28213 1 
28534 2 
28855 1 
29016 1 
29176 2 
29336 1 
29497 2 
29577 2 
29657 2 
29818 1 
29978 2 
30139 1 
30219 1 
30299 1 
30459 2 
30780 1 
31101 2 
31261 1 
31342 1 
31422 1 
31582 1 
31743 2 
31903 1 
32064 1 
34630 1 
34951 2 
35112 1 
35272 2 
35433 1 
35753 2 
36074 1 
36395 2 
36556 1 
36876 2 
37197 1 
37518 2 
37679 1 
37839 2 
37999 1 
38320 2 
38641 1 
38962 2 
39122 1 
39764 1 
40085 2 
40245 1 
40406 2 
40566 1 
40727 2 
41048 1 
41208 2 
41368 1 
41529 2 
41689 1 
42010 2 
42331 1 
42652 2 
42812 1 
42973 2 
43133 1 
43454 2 
43614 1 
43775 2 
44096 1 
44256 2 
44898 1 
45219 2 
45379 1 
45459 1 
45540 1 
45700 1 
45860 2 
46181 1 
46342 2 
46502 1 
46663 2 
46743 2 
46823 2 
46983 1 
47144 2 
47465 1 
47786 2 
47946 2 
48026 2 
48106 2 
48267 1 
48427 2 
48588 1 
48909 1 
49069 2 
49229 1 
49310 1 
49390 1 
49550 1 
49711 2 
50032 1 
50192 1 
50352 1 
50673 2
51155 1
51475 1
51796 1
51957 2
52598 1
52759 1
52919 1
53240 2
53561 2
53721 1
54042 1
54363 2
54443 2
54524 2
54684 1
55165 1
55807 1
56449 2
57090 1
57732 2
59016 1
60299 2
60941 2
61582 1
62224 2
62866 1
64149 2
65433 1
65753 1
66074 1
66395 1
66716 1
66876 2
67037 1
67358 2
67518 1
67679 2
67999 1
68320 1
68641 1
68962 1
69122 2
69283 1
69604 2
69764 1
69925 2
70085 1
70245 2
70566 1
71048 1
71208 2
71368 1
71689 1
72010 2
72331 1
72491 2
72652 1
72812 1
73133 2
75379 2
75700 1
76021 2
76342 1
76502 1
76663 2
76823 1
77144 1
77304 2
77465 2
77625 1
77705 1
77786 1
77946 2
78106 2
78187 2
78267 2
78588 2
78748 1
79069 1
79229 2
79390 2
79550 1
79630 1
79711 1
79871 2
80032 1
80112 1
80192 1
80513 2
80834 1
81155 2
81315 1
81636 1
81796 2
82117 1
82278 1
82598 2
82759 1
82839 1
82919 1
83080 2
83401 1
83721 2
84042 1
84524 2
85005 2
85326 1
85967 2
86288 1
86609 2
86770 2
86930 1
87090 2
87411 2
87572 1
87732 1
87893 2
87973 2
88053 2
88213 1
88374 1
88454 1
88534 1
88855 1
89016 2
89336 2
89497 1
89657 1
89818 2
89898 2
89978 2
90139 1
90299 2
90379 2
90459 2
90780 1
91101 2
91422 1
91582 2
91903 2
92064 1
92384 2
92545 2
92705 1
92866 1
93026 2
93106 2
93187 2
93347 1
93668 2
93989 1
94149 2
94310 2
94470 1
94791 2
96235 1 
98160 2
98320 1
98802 1
99122 2
99283 2
99363 2
99443 2
99604 1
99925 2
100245 2
100566 1
100727 2
101048 2
101368 1
101609 2
101850 2
101930 2
102010 2
102171 1
102491 2
102812 2
103133 1
103294 2
103935 1
104256 2
104417 1
104577 2
104737 1
105058 2
105219 1
105379 2
105700 1
105860 2
106181 2
106502 1
106743 2
106983 2
107064 2
107144 2
107304 1
107625 2
107786 1
107946 2
108267 1
108427 2
109069 1
109390 2
109550 1
109630 1
109711 1
109871 1
110032 2
110352 1
110513 2
110673 1
110834 2
110914 2
110994 2
111155 1
111315 2
111636 1
111957 2
112117 2
112197 2
112278 2
112438 1
112598 2
112759 1
113080 1
113240 2
113401 1
113481 1
113561 1
113721 1
113882 2
114203 1
114363 1
114524 1
114844 2
115326 1
115647 1
115967 1
116128 2
116770 1
116930 1
117090 1
117411 2
117732 2
117893 1
118213 1
118534 2
118614 2
118695 2
118855 1
119336 1
119978 1
120620 2
121261 1
121903 2
123187 1
124470 2
125112 2
125753 1
126395 2
127037 1
128320 2
129604 1
129925 1
130245 1
130406 2
130566 1
130727 2
130887 1
131208 1
131368 2
131529 1
131850 2
132171 1
132491 1
132812 1
133133 1
133294 2
133454 1
133775 2
133935 1
134096 2
134256 1
134417 2
134737 1
135219 1
135379 2
135540 1
135860 1
136181 2
136502 1
136663 2
136823 1
136983 1
137304 2
139550 2
139871 1
140192 2
140513 1
140673 1
140834 2
140994 1
141315 1
141475 2
141636 2
141796 1
141876 1
141957 1
142117 2
142278 2
142358 2
142438 2
142759 2
142919 1
143240 1
143401 2
143561 2
143721 1
143802 1
143882 1
144042 2
144203 1
144283 1
144363 1
144684 2
145005 1
145326 2
145486 1
145807 1
145967 2
146288 1
146449 1
146770 2
146930 1
147010 1
147090 1
147251 2
147572 1
147893 2
148213 1
148695 2
149176 2
149497 1
150139 2
150459 1
150780 2
150941 2
151101 1
151261 2
151582 2
151743 1
151903 1
152064 2
152144 2
152224 2
152384 1
152545 1
152625 1
152705 1
153026 1
153187 2
153507 2
153668 1
153828 1
153989 2
154069 2
154149 2
154310 1
154470 2
154550 2
154630 2
154951 1
155272 2
155593 1
155753 2
156074 2
156235 1
156556 2
156716 2
156876 1
157037 1
157197 2
157278 2
157358 2
157518 1
157839 2
157999 1
158160 2
158320 1
158481 2
158641 1
158962 2
159283 2
159443 2
159604 2
159684 2
159764 2
160085 2
160406 1
165540 1
166021 1
166181 2
166663 1
166983 1
167304 1
167465 2
168106 1
168267 1
168588 1
168748 2
169229 1
169310 1
169390 1
169550 2
169871 1
170032 2
170673 1
170994 2
171155 1
171475 1
171636 2
171957 1
172117 2
172278 2
172438 1
172598 2
172679 2
172759 2
172919 1
173240 2
173561 1
173721 2
174042 2
174203 1
174524 2
174604 2
174684 2
174844 1
175005 2
175085 2
175165 2
175326 2
175486 1
175807 2
176449 1
177090 2
177732 2
178374 1
178534 1
178855 1
179016 2
179336 1
179497 1
179818 1
180139 1
180299 2
180941 2
181261 1
181422 2
181502 2
181582 2
181743 2
181903 1
181983 1
182064 1
182224 2
182384 2
182705 1
182866 2
182946 2
183026 2
183187 1
183507 2
183828 1
184149 2
184310 2
184470 1
184630 2
184791 1
184871 1
184951 1
185112 1
185272 2
185352 2
185433 2
185753 2
186074 1
186556 1
186716 2
187197 2
187518 2
187839 2
187999 1
188320 2
188641 1
188962 2
189122 2
189203 2
189283 2
189443 1
189764 2
189925 2 
192973 1
193133 1
193454 2
193775 2
196021 2
196181 1
196342 2
196663 2
196823 2
197144 1
197465 2
197786 2
198267 1
198427 1
198588 2
198909 2
199229 2
199390 1
199711 1
199871 2
200192 1
200352 1
200673 2
200834 2
201155 1
201475 2
201957 2
202117 2
202438 1
202759 2
203080 1
203401 2
204042 1
204363 2
205005 2
205647 2
206288 2
206449 1
206609 2
206930 2
207090 2
207411 1
207572 2
207732 1
208053 1
208213 2
208534 1
208695 1
208855 2
209176 1
209497 2
209657 1
209978 1
210139 2
210459 1
210620 1
210780 2
210941 2
211101 1
211422 2
211743 1
213989 2
214310 1
214630 2
214951 1
215112 1
215272 2
215433 1
215753 1
215914 2
216074 2
216235 1
216315 1
216395 1
216556 2
216716 2
216796 2
216876 2
217197 2
217358 1
217679 1
217839 2
217999 2
218160 1
218240 1
218320 1
218481 2
218641 1
218721 1
218802 1
219122 2
219443 1
219764 2
219925 1
220245 1
220406 2
220727 1
220887 1
221208 2
221368 1
221449 1
221529 1
221689 2
222010 1
222331 2
222652 1
223133 2
223614 2
223935 1
224577 2
224898 1
225219 2
225379 2
225540 1
225700 2
226021 2
226181 1
226342 1
226502 2
226582 2
226663 2
226823 1
226983 1
227064 1
227144 1
227465 1
227625 2
227946 2
228106 1
228267 1
228427 2
228507 2
228588 2
228748 1
228909 2
228989 2
229069 2
229390 1
229711 2
229871 2
230192 1
230352 2
230513 1
230834 2
231155 2
231475 1
231636 2
231957 1
232117 1
232278 2
232598 2
232759 1
232919 2
233080 1
233160 1
233240 1
233401 2
233721 1
234042 2
234122 2
234203 2
234524 1
234684 1 
236930 2
237010 2
237090 2
237411 1
237732 2
238053 1
238213 1
238374 2
238534 1
238855 1
239016 2
239176 1
239336 2
239417 2
239497 2
239657 1
239978 2
240299 1
240620 2
240780 2
240941 1
241101 2
241261 1
241342 1
241422 1
241582 2
241743 2
241823 2
241903 2
242224 2
242545 1
242866 2
243187 1
243347 1
243507 2
243668 1
243828 2
243909 2
243989 2
244149 1
244310 2
244470 1
244550 1
244630 1
244791 2
245112 1
245433 2
245593 1
245673 1
245753 1
245914 1
246074 2
246235 1
246556 2
246716 1
246876 2
246957 2
247037 2
247197 1
247358 2
247679 1
248160 1
248320 2
248481 1
248802 1
249122 2
249443 1
249604 2
249925 1
250245 1
250727 1
250887 2
251048 1
251368 1
251689 2
252010 1
252171 2
252491 1
252812 1
253294 1
253454 2
253614 2
253695 2
253775 2
253935 1
254256 2
254577 1
254737 2
255058 1
255379 1
256502 1
256823 2
256983 2
257144 2
257224 2
257304 2
257625 2
257946 2 