150 1
275 1
400 1
525 1
900 1
1025 1
1150 1
1275 1
1650 1
1775 1
1900 1
2025 1
2400 1
2525 1
2650 1
2775 2
2900 2
3025 2
3150 1
3275 1
3400 1
3524 1
3900 1
4025 1
4150 1
4275 1
4650 1
4775 1
4900 1
5025 1
5400 2
5525 2
5650 1
5775 2
5900 2
6025 1
6150 1
6275 1
6400 1
6525 1
6900 1
7025 1
7150 1
7275 1
7650 1
7775 1
7900 1
8025 1
8400 1
8525 1
8650 1
8775 2
8900 2
9025 2
9150 1
9275 1
9400 1
9524 1
9900 1
10025 1
10150 1
10275 1
10650 1
10775 1
10900 1
11025 1
11400 2
11525 2
11650 1
11775 2
11900 1
12025 2
12150 2
12275 1
12400 1
12525 1
12650 2
12775 1
12900 2
13025 1
13150 2
13275 1
13400 2
13525 1
13650 2
13775 1
13900 2
14025 2
14150 1
14275 2
14400 2
14525 1
14650 2
14775 1
14900 2
15025 1
16650 2
16750 1
16850 2
16950 1
17050 2
17150 1
17200 1
17350 2
17450 2
17550 2
17650 2
17750 1
17850 2
17950 2
18050 1
18100 1
18150 2
18250 2
18350 1
18450 2
18550 1
18650 2
18750 1
18800 1
18950 2
19050 2
19150 2
19250 1
19350 2
19450 2
19550 1
19650 1
19700 1
19750 2
19850 2
19950 1
20050 2
20150 1
20250 2
20350 1
20450 1
20550 2
20650 2
20750 1
20850 1
20950 2
21050 1
21150 1
21200 2
21250 1
21300 2
21350 2
21400 2
21450 1
21550 2
21650 1
21750 2
21850 1
21950 2
22000 2
22050 2
22150 2
22250 1
22350 2
22450 1
22500 1
22550 2
22600 1
22650 2
22700 1
22750 2
22850 1
22900 1
22950 2
23000 2
23050 1
23150 2
23250 1
23350 2
23450 1
23550 2
23600 2
23650 1
23700 1
23750 2
23850 1
23950 2
24050 1
24150 2
24250 1
24350 2
24400 2
24450 1
24500 2
24550 2
24650 1
24750 2
24850 1
24950 2
25050 1
25100 1
25150 2
25200 2
25250 1
25300 1
25350 2
25400 2
25450 1
25550 2
25650 1
25750 2
25850 1
25950 2
26000 2
26050 2
26100 2
26150 2
26200 2
26250 1
26350 2
26450 1
26550 2
26650 1
26750 2
26800 2
26850 1
26900 1
26950 2
27050 1
27150 2
27250 1
27350 2
27450 1
27550 2
27600 2
27650 1
27700 2
27750 2
27850 1
27950 2
28050 1
28150 2
28250 1
28300 1
28350 2
28400 2
28450 1
28500 1
28550 2
28600 2
28650 1
28750 2
28850 1
28950 2
29050 1
29150 2
29200 2
29250 2
29300 2
29350 2
29400 2
29450 1
29550 2
29650 1
29750 2
29850 1
29950 2
30050 1
30150 2
30200 2
30250 1
30300 1
30350 1
30400 1
30450 2
30500 2
30550 2
30600 2
30650 1
30700 1
30750 1
30800 1
30850 2
30900 2
30950 2
31000 2
31050 1
31100 1
31150 2
31200 2
31250 1
31300 1
31350 2
31400 2
31450 1
31500 2
31550 2
31600 2
31650 2
31700 2
31750 2
31800 2
31850 1
32050 1
32350 1
32450 1
32500 2
32550 2
32600 2
32650 1
32750 1
32850 1
33050 2
33150 2
33250 2
33450 1
33550 1
33650 1
33850 2
33950 1
34050 2
34150 1
34200 2
34250 1
34350 1
34450 1
34650 2
34750 2
34850 2
35050 1
35150 1
35250 1
35450 1
35500 2
35550 2
35600 2
35650 1
35700 2
35750 2
35800 2
35850 1
35950 1
36050 1
36250 2
36350 2
36450 2
36650 1
36750 1
36850 1
37050 2
37100 1
37150 2
37200 1
37250 2
37300 1
37350 2
37400 2
37450 1
37550 1
37650 1
37850 2
37950 2
38050 2
38250 1
38350 1
38450 1
38650 1
38700 2
38750 2
38800 2
38850 1
38900 1
38950 2
39000 2
39050 2
39150 2
39250 1
39350 1
39450 2
39550 2
39650 1
39750 1
39850 2
39900 2
39950 2
40000 2
40050 1
40100 1
40150 1
40200 1
40250 2
40300 2
40350 2
40400 2
40450 1
40500 1
40550 1
40600 1
40650 2
40700 2
40750 1
40800 1
40850 2
40900 2
40950 1
41000 1
41050 2
41100 2
41150 2
41200 2
41250 1
41300 1
41350 1
41400 1
41450 1
41850 2
42250 1
42450 2
42550 2
42650 2
42850 2
43050 1
43250 1
43450 2
43650 1
43850 1
44050 2
44150 2
44250 2
44450 2
44650 1
45050 2
45450 1
45650 2
45750 2
45850 2
46050 2
46250 1
46450 1
46650 2
46850 1
47050 2
47150 2
47250 1
47350 2
47450 2
47650 2
47850 1
48050 1
48250 2
48450 1
48650 1
48850 2
48950 2
49050 2
49250 2
49450 2
49550 1
49650 1
49750 1
49850 2
49950 2
50050 2
50150 2
50250 2
50350 1
50450 1
50550 1
50650 2
50750 2
50850 1
50950 1
51050 2
51150 2
51250 2
51350 2
51450 2
51550 2
51650 2
51750 2
51850 1
51950 1
52050 2
52150 2
52250 1
52350 1
52450 2
52550 2
52650 1
52750 1
52850 2
52950 2
53050 1
53150 2
53250 2
53350 2
53450 1
53550 1
53650 2
53750 2
53850 1
53950 1
54050 2
54150 2
54250 1
54300 2
54350 1
54400 2
54450 1
54500 2
54550 1
54600 2
54650 1
54750 2
54850 2
54950 2
55050 1
55150 1
55250 2
55350 2
55450 1
55550 1
55650 2
55750 2
55850 1
55950 1
56050 2
56150 2
56250 1
56350 2
56450 2
56550 2
56650 1
56750 2
56850 2
56950 1
57050 2
57150 1
57250 1
57350 2
57450 1
57550 2
57650 1
57750 2
57850 2
57900 1
58000 2
58050 2
58100 1
58150 2
58200 2
58250 1
58350 1
58450 2
58550 2
58650 1
58750 1
58850 2
58950 2
59050 1
59150 1
59250 2
59350 2
59450 1
59550 2
59650 2
59750 2
59850 1
59950 1
60050 2
60150 2
60250 1
60350 1
60450 2
60550 2
60650 1
60700 2
60750 1
60800 2
60850 1
60900 2
60950 1
61000 2
61050 1
61150 2
61250 2
61350 2
61450 1
61550 1
61650 2
61750 2
61850 1
61950 1
62050 2
62150 2
62250 1
62350 1
62450 2
62550 2
62650 1
62750 2
62850 2
62950 2
63050 1
63150 2
63250 2
63350 1
63450 2
63550 1
63650 1
63750 2
63850 1
63950 2
64050 1
64150 2
64250 2
64300 1
64400 2
64450 2
64500 1
64550 2
64600 2
64650 1
64750 2
64800 2
64850 2
64900 2
64950 2
65000 2
65050 2
65100 2
65150 2
65200 2
65250 2
65300 2
65350 2
65400 2
65450 1
65500 1
65550 1
65600 1
65650 1
65700 1
65750 1
65800 1
65850 1
65900 1
65950 1
66000 1
66050 1
66100 1
66150 1
66200 1
66250 2
66300 2
66350 2
66400 2
66450 2
66500 2
66550 2
66600 2
66650 1
66700 1
66750 1
66800 1
66850 1
66900 1
66950 1
67000 1
67050 2
67100 2
67150 2
67200 2
67250 2
67300 2
67350 2
67400 2
67450 1
67500 1
67550 1
67600 1
67650 1
67700 1
67750 1
67800 1
67850 2
67900 2
67950 2
68000 2
68050 1
68100 1
68150 1
68200 1
68250 2
68300 2
68350 2
68400 2
68450 1
68500 1
68550 1
68600 1
68650 2
68700 1
68750 2
68800 1
68850 2
68900 1
68950 2
69000 1
69050 2
69100 1
69150 2
69200 1
69250 2
69300 1
69350 2
69400 1
69450 2
69550 1
69650 2
69750 1
69850 2
69950 2
70050 1
70150 2
70250 2
70350 1
70450 2
70550 1
70650 2
70750 1
70850 2
70950 2
71050 2
71150 1
71250 2
71350 1
71450 2
71550 2
71650 1
71750 2
71850 2
71950 1
72050 2
72100 1
72150 1
72200 1
72300 1
72350 1
72400 1
72450 2
72500 1
72550 2
72650 2
72750 1
72850 2
72950 1
73050 2
73150 2
73250 1
73350 2
73450 2
73550 1
73650 2
73750 1
73850 1
73950 2
74050 1
74150 2
74250 2
74350 2
74450 1
74550 2
74650 1
74750 2
74850 1
74950 2
75050 2
75150 2
75250 1
75300 1
75350 2
75400 2
75500 1
75550 2
75600 1
75650 1
75700 1
75750 2
75850 2
75950 2
76050 1
76150 2
76250 1
76350 2
76450 1
76550 2
76650 1
76750 1
76850 2
76950 2
77050 2
77150 1
77250 2
77350 1
77450 2
77550 2
77650 1
77750 2
77850 1
77950 2
78050 1
78150 2
78250 1
78350 1
78450 2
78500 1
78550 1
78600 1
78700 1
78750 1
78800 1
78850 2
78900 1
78950 2
79050 2
79150 1
79250 2
79350 1
79450 2
79550 2
79650 1
79750 2
79850 1
79950 2
80050 1
80150 2
80250 1
80350 2
80450 2
80550 1
80650 2
80750 1
80850 2
80950 2
81050 1
81150 2
81250 1
81350 2
81450 1
81500 1
81550 1
81600 1
81650 2
81700 2
81750 1
81800 1
81850 2
81950 2
82050 2
82150 2
82250 2
82300 2
82350 1
82450 2
82500 2
82550 1
82650 1
82700 1
82750 2
82850 2
82900 2
82950 1
83050 2
83100 2
83150 1
83250 2
83300 2
83350 1
83400 2
83450 2
83500 1
83550 2
83600 2
83650 1
83700 2
83750 1
83800 2
83850 1
84050 1
84250 1
84450 1
84650 1
84850 2
84950 2
85050 1
85250 1
85350 2
85450 1
85650 1
85750 2
85850 1
85900 1
85950 2
86000 1
86050 2
86100 1
86150 2
86200 1
86250 1
86450 1
86500 2
86550 1
86600 1
86650 2
86700 1
86750 1
86800 2
86850 1
87050 2
87100 1
87150 1
87200 1
87250 2
87300 1
87350 1
87400 1
87450 2
87500 1
87550 1
87600 2
87650 1
87700 1
87750 2
87800 1
87850 1
87900 2
87950 1
88000 1
88050 2
88100 1
88150 1
88200 2
88250 1
88300 2
88350 1
88400 2
88450 1
88500 2
88550 1
88600 2
88650 1
88700 2
88750 1
88800 2
88850 1
88900 2
88950 1
89000 2
89050 1
89250 1
89550 1
89850 2
90050 2
90350 6
90650 1
90850 1
91150 1
91450 2
91650 2
91950 6
92250 1
92450 1
92750 1
93050 2
93250 2
93550 6
93850 1
94050 1
94350 1
94650 2
94750 2
94850 1
94950 2
95050 2
95150 1
95250 2
95300 2
95350 2
95400 2
95450 2
95550 2
95650 1
95750 1
95850 2
95950 2
96050 1
96150 1
96250 2
96350 2
96450 1
96550 1
96650 2
96750 1
96850 1
96950 2
97050 2
97150 2
97250 1
97350 1
97450 2
97550 2
97650 1
97750 1
97850 2
97950 2
98050 1
98150 1
98250 1
98300 2
98350 2
98400 2
98450 2
98500 2
98550 2
98600 2
98650 2
98750 2
98850 1
98950 1
99050 2
99150 2
99250 1
99350 1
99450 2
99550 2
99650 1
99750 1
99850 2
99950 1
100050 2
100150 1
100250 2
100350 2
100450 1
100550 1
100650 2
100750 2
100850 1
100950 1
101050 2
101150 2
101250 1
101350 1
101450 2
101500 2
101550 2
101600 2
101650 1
101700 1
101750 2
101800 2
101850 2
101950 2
102050 1
102150 1
102250 2
102350 1
102450 1
102550 2
102650 1
102750 2
102800 2
102850 2
102950 1
103050 2
103150 2
103250 1
103350 2
103400 2
103450 1
103500 1
103550 1
103600 1
103650 1
103700 1
103750 1
103800 1
103850 2
103900 2
103950 2
104000 2
104050 2
104100 2
104150 2
104200 2
104250 1
104350 1
104450 2
104550 2
104650 1
104750 2
104850 1
104950 1
105050 1
105150 2
105250 1
105350 1
105450 2
105550 1
105650 1
105750 1
105850 2
105950 2
106050 1
106150 2
106250 1
106350 2
106450 1
106550 1
106650 2
106750 1
106850 1
106950 2
107050 1
107150 1
107250 2
107350 1
107450 2
107550 1
107650 1
107750 2
107850 1
107950 1
108050 2
108150 1
108250 1
108350 2
108450 1
108550 2
108650 1
108750 2
108850 1
108950 2
109050 1
109150 2
109250 1
109450 2
109550 1
109650 1
109750 2
109850 1
110050 2
110150 1
110250 1
110450 2
110550 1
110650 1
110850 2
110900 1
110950 1
111000 1
111050 1
111150 2
111250 1
111350 2
111450 1
111550 2
111650 1
111750 2
111850 1
111950 2
112050 1
112150 2
112200 1
112250 1
112300 1
112350 1
112450 2
112550 1
112650 1
112750 2
112850 1
112950 2
113050 1
113150 1
113250 2
113350 1
113450 1
113550 2
113600 2
113650 2
113700 2
113750 2
113800 2
113850 1
113950 1
114050 1
114350 1
114450 1
114550 1
114750 1
114850 1
114950 1
115050 2
115100 1
115150 2
115200 1
115250 2
115300 1
115350 2
115400 1
115450 1
115550 1
115650 1
115950 1
116150 1
116250 2
116350 2
116450 2
116550 2
116650 1
116750 2
116800 2
116850 2
116900 2
116950 2
117000 2
117050 1
117150 1
117250 1
117550 1
117650 1
117750 1
117950 1
118050 1
118150 1
118250 2
118300 1
118350 2
118400 1
118450 2
118500 1
118550 2
118600 1
118650 1
118750 1
118850 1
119150 1
119350 1
119450 1
119500 1
119550 1
119600 1
119650 1
119700 1
119750 2
119800 1
119850 2
119900 1
119950 2
120000 1
120050 2
120100 1
120150 2
120200 1
120250 2