2192 1 
2335 1 
2477 2 
2763 2 
2906 1 
3192 2 
3335 2 
3477 1 
3620 1 
3763 2 
3835 2 
3906 2 
4049 1 
4192 2 
4335 1 
4620 2 
4763 2 
5049 2 
5192 1 
5477 2 
5763 2 
5906 2 
6049 1 
6120 1 
6192 2 
6335 1 
6477 2 
6620 1 
6763 2 
6906 1 
7049 2 
7192 1 
7263 1 
7335 1 
7477 2 
7763 2 
8049 2 
8192 1 
8335 2 
8406 2 
8477 1 
8620 2 
8763 1 
8906 2 
9192 2 
9335 1 
9477 1 
9549 1 
9620 1 
9763 2 
10049 2 
10335 2 
10477 1 
10620 1 
10692 2 
10763 1 
10906 2 
11049 1 
11192 1 
11335 2 
11477 2 
11620 1 
11906 2 
12049 1 
12335 1 
12477 2 
12620 2 
12763 1 
12835 1 
12906 2 
12977 2 
13049 2 
13192 1 
13335 2 
13477 1 
13620 2 
13692 2 
13763 2 
13906 1 
14192 2 
14335 1 
14620 1 
14763 2 
14906 1 
15049 1 
15120 1 
15192 2 
15263 1 
15335 2 
15477 2 
15620 1 
15692 2 
15763 1 
15835 1 
15906 2 
15977 1 
16049 2 
16192 1 
16335 1 
16406 1 
16477 1 
16549 1 
16620 2 
16763 1 
16835 2 
16906 1 
16977 1 
17049 2 
17192 2 
17263 2 
17335 1 
17406 1 
17477 2 
17620 1 
17692 2 
17763 1 
17835 1 
17906 2 
18192 2 
18239 2 
18287 2 
18335 1 
18477 1 
18620 2 
18692 1 
18763 1 
18835 1 
18906 2 
19049 2 
19120 1 
19192 2 
19263 1 
19335 2 
20192 2 
20227 2 
20335 2 
20370 2 
20620 2 
20692 2 
20763 1 
25335 1 
25620 1 
25763 1 
25906 2 
26192 1 
26335 2 
26477 1 
26620 1 
26763 2 
26906 2 
27049 1 
27335 2 
27620 1 
27906 1 
28049 1 
28096 1 
28144 1 
28192 2 
28335 2 
28477 1 
28620 2 
28692 2 
28906 2 
28954 2 
29001 2 
29049 1 
29192 2 
29263 1 
29335 2 
29477 2 
29549 2 
29620 1 
29668 1 
29715 1 
29763 2 
29811 2 
29858 2 
29906 1 
30192 2 
30335 1 
30477 2 
30763 1 
30906 2 
31049 1 
31192 1 
31335 2 
31406 1 
31477 2 
31549 2 
31620 1 
31763 1 
31906 2 
32049 2 
32096 1 
32144 1 
32192 2 
32477 1 
32549 1 
32620 1 
32692 1 
32763 2 
32906 1 
33049 2 
33192 2 
33263 2 
33335 2 
33477 2 
33525 2 
33573 2 
33620 2 
33763 1 
33906 2 
34049 1 
34120 1 
34192 2 
34239 2 
34287 2 
34335 2 
34382 2 
34430 2 
34477 1 
34620 1 
34763 2 
34906 1 
35049 2 
35335 1 
35477 2 
35620 1 
35763 2 
35906 1 
35977 1 
36049 2 
36120 1 
36192 1 
36335 1 
36406 1 
36477 2 
36549 1 
36620 2 
36763 1 
37049 2 
37085 2 
37192 2 
37227 2 
37335 2 
37477 1 
37763 2 
38049 1 
38120 2 
38192 1 
38335 1 
38370 1 
38477 2 
38513 2 
38620 1 
38656 1 
38763 2 
38799 2 
39049 1 
39263 2 
39299 2 
39477 1 
39549 1 
39620 2 
39763 2 
39835 2 
39906 1 
40049 1 
40096 2 
40144 2 
40192 1 
40335 2 
40406 1 
40477 1 
40549 1 
40620 2 
40668 1 
40715 1 
40763 2 
40906 1 
40977 2 
41049 1 
41192 2 
41239 2 
41287 2 
41335 1 
41549 2 
41585 2 
41763 1 
41811 1 
41858 1 
41906 2 
42049 2 
42120 1 
42192 1 
42335 2 
42382 2 
42430 1 
42477 1 
42620 1 
42692 2 
42763 1 
42906 2 
42977 1 
43049 2 
43192 2 
43263 2 
43335 1 
43382 1 
43430 1 
43477 2 
43525 2 
43573 2 
43620 1 
43692 1 
43763 1 
43835 1 
43906 1 
43977 1 
44049 2 
44120 1 
44192 2 
44335 2 
44406 2 
44477 1 
44620 1 
44668 1 
44715 2 
44763 2 
44906 2 
44977 1 
45120 1 
45192 2 
45263 2 
45335 1 
45477 2 
45549 1 
45620 2 
45692 2 
45763 1 
45835 2 
45906 1 
46192 1 
46335 1 
46477 2 
46763 1 
46906 1 
47192 1 
47335 1 
47477 1 
47620 2 
47906 1 
48049 2 
48192 1 
48263 1 
48335 1 
48406 1 
48477 1 
48549 1 
48620 1 
48692 1 
48763 2 
48906 2 
48954 2 
49001 2 
49049 1 
49192 1 
49239 1 
49287 1 
49335 2 
49477 2 
49549 1 
49620 1 
49692 1 
49763 2 
49811 1 
49858 1 
49906 2 
50049 1 
50120 1 
50192 2 
50239 2 
50287 1 
50335 2 
50382 2 
50430 2 
50477 1 
50549 1 
50620 1 
50692 1 
50763 2 
50906 1 
50954 1 
51001 2 
51049 2 
51120 1 
51192 2 
51263 2 
51335 1 
51477 2 
51525 2 
51573 1 
51620 1 
51763 1 
51835 2 
51906 1 
52049 2 
52096 1 
52144 1 
52192 2 
52335 1 
52406 2 
52477 1 
52525 1 
52573 1 
52620 2 
52668 2 
52715 2 
52763 1 
52835 1 
52906 1 
52977 1 
53049 1 
53120 1 
53192 2 
53263 1 
53335 2 
53477 2 
53525 2 
53573 1 
53620 1 
53763 1 
53811 1 
53858 2 
53906 2 
54049 2 
54120 1 
54192 1 
54263 1 
54335 2 
54382 2 
54430 2 
54477 1 
54620 1 
54692 2 
54763 1 
55049 1 
55335 1 
55477 1 
55549 1 
55620 2 
55763 1 
55906 1 
56049 2 
56335 1 
56406 2 
56477 2 
56549 1 
56620 2 
56692 2 
56763 1 
56906 2 
56977 2 
57049 1 
57192 1 
57335 1 
57620 1 
57692 1 
57763 1 
57835 1 
57906 2 
58049 1 
58192 2 
58335 1 
58477 1 
58620 1 
58763 2 
59049 1 
59192 1 
59335 2 
59477 2 
59620 1 
59763 1 
59906 2 
60049 2 
60335 2 
60477 2 
60620 1 
60763 2 
60906 1 
60977 1 
61049 2 
61192 1 
61477 1 
61620 2 
61763 2 
61906 1 
62049 1 
62120 1 
62192 2 
62335 2 
62477 2 
62763 2 
62906 1 
63192 1 
63335 2 
63620 1 
63763 1 
63906 2 
64049 1 
64335 1 
64477 2 
64620 2 
64763 1 
64835 1 
64906 2 
65049 1 
65192 2 
65335 1 
65620 2 
65763 1 
66049 1 
66192 2 
66335 2 
66477 1 
66549 1 
66620 1 
66692 1 
66763 1 
66835 1 
66906 2 
66977 2 
67049 2 
67335 2 
67477 1 
67763 1 
67906 2 
68192 1 
68335 1 
68477 2 
68620 1 
68906 1 
69049 2 
69192 2 
69477 1 
69620 1 
69763 2 
69906 2 
70049 1 
70120 1 
70192 2 
70335 1 
70620 1 
70763 2 
70906 2 
71049 1 
71620 2 
71906 2 
72049 1 
72335 1 
72477 2 
72763 1 
72906 1 
73049 2 
73192 1 
73477 1 
73620 2 
73763 2 
73906 1 
73977 1 
74049 2 
74192 1 
74335 2 
74477 1 
74620 1 
74763 2 
74906 2 
74977 1 
75049 2 
75192 2 
75335 1 
75406 2 
75477 1 
75513 1 
75549 1 
75620 1 
75906 2 
76049 1 
76335 2 
76477 2 
76763 1 
76906 2 
76977 2 
77049 2 
77192 1 
77335 2 
77477 1 
77763 2 
77906 2 
78192 2 
78335 1 
78620 2 
78906 2 
79049 2 
79192 1 
79263 1 
79335 2 
79477 1 
79620 2 
79763 1 
79906 2 
80049 1 
80192 2 
80335 1 
80406 1 
80477 1 
80620 2 
80906 2 
81192 2 
81335 1 
81477 2 
81549 2 
81620 1 
81763 2 
81906 1 
82049 2 
82335 2 
82477 1 
82620 1 
82692 1 
82763 1 
82906 2 
83049 1 
83192 2 
83335 1 
83477 2 
83549 2 
83620 1 
83763 1 
83811 2 
83858 2 
83906 1 
84049 2 
84192 1 
84335 1 
84406 1 
84477 2 
84620 2 
84763 1 
84906 1
89335 1 
89620 1 
89763 1 
89906 2 
90192 1 
90335 2 
90477 1 
90620 2 
90692 1 
90763 1 
90906 1 
91049 2 
91192 1 
91263 1 
91335 2 
91620 2 
92049 2 
92477 2 
93049 1 
93192 1 
93335 2 
93906 2 
93954 2 
94001 2 
94049 1 
94120 1 
94192 1 
94263 1 
94335 1 
94406 1 
94477 2 
94513 2 
94620 1 
94656 1 
94763 1 
94799 1 
94906 2 
94954 2 
95001 2 
95049 1 
95192 1 
95263 1 
95335 2 
95371 2 
95477 1 
95513 1 
95620 2 
95656 2 
95763 2 
95811 2 
95858 1 
95906 1 
96049 2 
96096 2 
96144 2 
96192 1 
96239 1 
96287 1 
96335 2 
96382 1 
96430 1 
96477 2 
96763 2 
96799 2 
96906 1 
96942 1 
97049 1 
97085 1 
97192 1 
97239 1 
97287 2 
97335 2 
97477 1 
97513 1 
97620 2 
97763 1 
97799 1 
97906 2 
98049 2 
98120 2 
98192 2 
98335 2 
98477 2 
98525 2 
98573 2 
98620 1 
98692 1 
98763 1 
98835 1 
98906 1 
98977 1 
99049 2 
99085 2 
99192 1 
99227 1 
99335 1 
99370 1 
99477 2 
99525 2 
99573 2 
99620 1 
99763 2 
99835 1 
99906 2 
99942 2 
100049 1 
100085 1 
100192 2 
100227 2 
100335 2 
100406 2 
100477 1 
100525 1 
100573 1 
100620 1 
100668 1 
100715 1 
100763 2 
101049 2 
101192 1 
101335 2 
101477 1 
101549 2 
101620 2 
101763 1 
102049 1 
102192 2 
102335 2 
102477 2 
102620 2 
102692 1 
102763 1 
102906 1 
103049 1 
103120 1 
103192 1 
103263 1 
103335 1 
103406 1 
103477 1 
103549 1 
103620 2 
103656 2 
103763 1 
103799 1 
103906 1 
103942 1 
104049 2 
104096 2 
104144 2 
104192 1 
104335 1 
104406 1 
104477 2 
104513 2 
104620 1 
104656 1 
104763 2 
104799 2 
104906 2 
104954 2 
105001 1 
105049 1 
105192 2 
105239 2 
105287 2 
105335 1 
105382 1 
105430 1 
105477 2 
105525 1 
105573 1 
105620 2 
105906 2 
105942 2 
106049 1 
106085 1 
106192 1 
106227 1 
106335 1 
106382 1 
106430 1 
106477 2 
106620 1 
106656 1 
106763 2 
106906 1 
106942 1 
107049 2 
107192 2 
107263 2 
107335 2 
107477 1 
107620 2 
107906 1 
108049 2 
108192 2 
108335 1 
108477 2 
108763 1 
108906 1 
109049 2 
109120 1 
109192 1 
109335 2 
109620 1 
109763 1 
109906 2 
110049 1 
110192 2 
110335 1
111620 2 
112192 1 
112763 2 
113049 2 
113192 1 
113620 1 
113906 2 
114049 1 
114192 2 
114335 1 
114763 1 
115049 2 
115477 1 
115620 1 
115763 1 
115906 1 
116192 2 
116477 1 
116620 2 
116763 1 
117335 2 
117620 2 
117763 1 
118192 1 
118477 2 
118620 1 
118763 2 
118906 1 
119335 2 
119620 2 
119763 1 
119906 2 
120049 1 
120120 2 
120192 2 
120335 1 
120382 1 
120430 1 
120477 2 
120620 1 
120668 1 
120715 2 
120763 2 
120906 2 
120977 2 
121049 1 
121096 1 
121144 1 
121192 2 
121239 2 
121287 2 
121335 1 
121906 2 
122192 2 
122335 1 
122620 2 
122763 1 
122835 1 
122906 2 
123049 1 
123120 2 
123192 1 
123335 2 
123477 1 
123906 2 
124049 2 
124120 2 
124192 1 
124263 2 
124335 1 
124477 2 
124620 1 
124692 2 
124763 1 
124906 1 
124954 1 
125001 2 
125049 2 
125335 2 
125406 2 
125477 2 
125549 2 
125620 1 
125763 2 
125906 1 
126477 2 
126763 2 
126906 1 
127192 2 
127335 1 
127406 1 
127477 2 
127620 2 
127906 2 
128049 2 
128096 2 
128144 2 
128192 1 
128477 2 
128620 2 
128763 2 
128906 1 
129192 1 