8215 1
8760 2
9033 1
9305 2
9851 2
10124 2
10396 1
10942 2
11487 1
11672 2
15030 1
15405 1
15780 1
16061 2
16155 2
16342 1
16717 1
16905 2
17280 1
17561 2
17655 2
17842 1
18030 1
18780 1
19061 2
19342 1
19717 1
19905 2
20092 2
20280 1
20561 1
20655 1
20842 2
21030 1
21405 1
21780 1
22061 2
22155 2
22342 1
22717 1
22905 2
23280 1
23561 2
23655 2
23842 1
24030 2
24780 1
25061 2
25155 2
25342 1
25717 1
25905 2
26092 1
26186 1
26280 1
26467 2
26655 1
26842 2
27030 1
27405 1
27780 1
28061 2
28155 2
28342 1
28717 1
28811 1
28905 1
29092 2
29280 1
29561 2
29655 2
29842 1
30030 1
30780 1
31061 2
31342 1
31717 1
31905 2
32092 2
32280 1
32561 1
32655 1
32842 2
33030 1
33405 1
33780 1
34061 2
34155 2
34342 1
34717 1
34811 1
34905 1
35092 2
35280 1
35561 1
35655 1
35842 2
36030 1
36780 1
37061 2
37155 2
37342 1
37717 2
37905 1
38092 2
38280 2
38467 1
38561 1
38842 1
39030 1
39217 2
39405 1
39498 1
39592 1
39780 2
39967 1
40155 2
40530 1
40717 2
40905 1
41092 2
41186 2
41280 2
41467 1
41655 2
42030 2
42405 1
42592 2
42686 2
42873 1
43061 2
43155 2
43342 1
43530 1
43905 1
44093 2
44186 2
44280 2
44467 1
44655 2
44842 1
45030 1
45217 1
51032 1
51407 2
51969 1
52157 2
52344 1
52907 2
53282 1
53657 2
53844 1
54219 1
54407 2
54782 1
55157 2
55532 1
55907 2
56282 1
56657 2
56844 2
57032 1
57407 2
57969 2
58157 2
58344 1
58907 2
59282 2
59657 1
59844 2
60547 2